# - Happy, Sad, Mischievous or Mad - #
# Training data (300 images)
# Correct classifications can be found in training-facit.txt
# http://www8.cs.umu.se/kurser/5DV121/HT12/

Image1
0 3 3 3 3 0 1 0 31 31 25 0 0 2 12 3 0 0 3 4
4 1 9 0 0 0 0 0 0 31 31 31 4 2 0 0 0 0 0 2
0 7 0 0 0 6 1 2 4 0 31 31 29 1 0 0 0 0 6 0
0 8 31 5 0 0 0 0 7 8 0 31 31 31 6 0 0 0 0 0
0 29 31 3 7 0 6 9 6 3 3 2 31 31 31 18 0 10 0 9
3 9 31 26 5 0 4 1 0 2 9 0 5 31 21 4 0 1 2 0
2 0 31 31 4 0 3 0 0 6 3 0 1 0 0 3 0 0 6 1
0 13 31 31 8 2 1 0 0 3 8 10 1 4 0 1 0 5 0 0
0 0 31 31 1 3 10 2 4 0 5 0 6 0 0 2 0 4 0 4
8 3 21 31 0 0 5 10 0 0 7 0 0 3 2 2 0 1 0 6
1 6 0 31 21 8 6 0 6 10 3 4 0 5 0 8 8 14 9 7
0 5 0 24 8 2 0 0 0 0 0 9 2 9 9 9 6 0 10 19
0 0 8 1 0 0 0 0 4 5 14 4 14 22 0 6 0 0 6 1
0 2 0 0 0 0 7 5 11 7 7 0 9 3 3 3 0 0 9 5
1 0 0 0 4 0 1 7 13 5 2 0 13 2 6 2 0 9 0 0
3 0 11 0 8 0 8 6 2 0 4 0 3 0 1 0 8 2 0 0
7 0 0 4 0 3 4 3 3 0 3 0 8 5 5 0 0 0 1 0
3 4 0 0 0 13 9 8 0 7 2 0 7 2 0 0 2 4 7 10
0 1 0 4 0 12 4 0 0 0 0 0 0 6 0 8 0 0 8 0
0 0 0 9 3 2 23 0 0 0 1 0 1 6 0 6 3 0 0 6

Image2
1 0 4 0 8 9 13 4 4 5 0 0 6 0 0 0 10 9 2 0
0 1 1 1 4 31 31 31 31 20 4 5 2 0 0 0 0 12 0 4
1 1 2 4 2 5 12 31 31 31 31 31 5 0 0 6 0 0 0 0
0 1 0 2 0 0 5 0 0 20 31 31 31 31 0 4 0 6 9 0
1 8 9 3 0 0 4 0 1 2 1 5 24 8 6 0 12 0 0 0
4 7 16 0 0 0 2 8 1 0 6 0 0 0 0 8 19 5 1 0
0 31 31 0 9 3 0 9 5 8 6 0 0 0 0 1 0 1 0 0
3 31 31 0 8 0 0 5 0 13 0 6 0 0 5 0 12 11 2 0
0 26 31 4 0 11 0 0 3 0 0 0 0 0 8 6 7 4 15 1
6 23 31 3 2 0 0 8 0 0 3 1 4 4 8 5 7 10 9 2
0 8 31 15 1 4 0 0 0 0 3 4 2 3 1 0 5 5 0 13
7 0 31 31 0 0 0 3 0 0 0 0 0 6 4 0 10 3 4 9
2 5 31 30 8 6 0 1 0 13 0 2 0 0 0 6 7 1 9 0
0 1 31 31 0 2 2 0 4 0 0 0 0 0 0 0 8 0 0 0
0 0 0 4 3 7 0 9 6 3 0 1 5 0 0 12 6 16 0 7
3 4 0 0 1 0 2 3 0 0 1 6 7 3 13 10 3 0 2 4
0 0 0 0 0 13 3 2 5 4 4 4 12 6 0 10 0 0 8 0
3 0 0 3 12 6 16 14 13 7 5 8 9 9 8 7 0 5 0 6
4 2 3 4 7 0 1 2 1 13 2 14 3 6 0 2 4 3 4 9
0 2 0 0 4 11 0 0 0 8 0 0 0 1 0 0 1 0 4 6

Image3
0 3 0 0 0 1 7 4 31 31 8 0 6 0 0 2 0 1 3 2
3 0 6 2 0 1 8 0 26 31 2 0 15 0 0 10 0 0 1 5
0 0 4 0 0 2 7 1 4 31 31 0 9 0 0 0 0 0 6 0
0 1 0 6 0 0 0 0 0 31 31 0 4 0 2 0 0 0 0 0
1 0 11 0 2 6 0 10 0 29 31 14 0 7 0 0 0 0 1 0
1 0 0 0 3 3 0 1 1 0 31 31 1 0 12 0 2 1 0 0
0 10 1 2 0 6 4 0 0 1 2 9 1 0 2 0 1 1 2 0
5 0 0 0 7 17 10 0 10 0 0 0 0 0 0 2 0 9 0 13
19 31 31 31 31 31 31 2 1 7 2 0 5 0 7 5 6 11 9 1
31 31 31 28 28 17 2 13 2 3 0 10 1 2 8 6 8 17 17 11
2 0 0 2 9 3 8 1 2 0 8 16 17 4 11 9 10 6 5 14
1 4 0 0 9 0 0 0 0 6 14 0 1 4 3 0 1 1 0 0
1 0 0 2 0 0 1 0 7 11 5 0 7 10 0 0 1 14 4 2
0 6 0 5 6 0 4 1 5 7 0 1 8 6 0 0 0 0 6 0
0 3 0 0 0 0 3 0 5 7 11 0 1 5 0 6 0 2 4 0
0 0 0 2 0 8 3 8 0 0 1 0 0 0 1 0 6 1 0 0
11 5 5 0 1 0 2 11 2 7 0 0 0 3 1 11 6 3 6 0
0 2 0 6 3 10 4 14 13 13 0 7 0 0 0 4 0 1 2 8
7 0 3 0 1 0 1 11 11 0 3 2 0 3 2 0 0 3 0 0
0 7 5 0 9 0 0 0 2 0 0 0 0 3 0 0 5 3 0 3

Image4
0 0 2 31 31 2 4 0 0 0 0 0 0 0 0 0 0 0 1 0
5 1 1 15 31 31 11 0 9 0 0 11 4 0 0 2 7 8 5 3
0 0 0 0 31 31 31 0 0 3 2 0 0 3 0 8 6 5 5 2
0 0 0 2 0 21 31 24 6 5 7 3 1 0 0 0 4 0 4 0
0 0 2 1 7 7 25 31 31 8 0 0 1 1 4 0 9 11 27 31
0 0 0 0 0 0 0 31 31 27 1 4 0 3 26 31 31 31 31 31
0 0 3 1 0 5 0 0 21 0 0 8 31 31 31 31 31 17 3 3
0 1 3 2 3 0 3 0 0 3 1 23 31 31 12 0 0 0 3 0
2 2 7 5 13 2 0 0 2 8 1 0 0 0 0 0 0 2 0 4
9 5 0 1 8 4 2 4 6 0 0 0 2 2 1 3 2 14 5 0
0 2 3 0 0 5 0 0 0 2 2 0 1 0 7 8 0 0 1 0
0 9 10 11 10 11 10 4 18 0 0 0 1 0 1 0 0 1 0 0
5 12 3 7 0 11 5 14 10 3 1 4 1 6 0 6 4 10 9 0
8 8 8 9 5 0 6 0 13 8 10 0 0 3 7 8 1 5 1 4
3 11 0 0 0 0 0 0 2 9 10 10 11 4 2 0 1 7 0 1
0 0 0 1 0 2 4 1 0 0 11 16 16 0 2 7 1 0 0 2
0 3 0 2 0 5 3 0 1 0 0 4 13 12 0 0 3 0 0 7
1 0 0 5 4 0 9 0 0 0 2 0 21 8 3 5 0 1 3 0
7 0 0 0 4 0 2 0 0 2 8 0 0 13 11 11 0 0 0 1
0 0 0 0 3 0 3 0 0 0 0 0 2 4 22 3 0 5 3 0

Image5
3 6 0 0 0 7 0 5 0 1 3 0 2 0 3 0 0 5 1 5
0 0 0 3 0 3 0 14 7 14 5 0 0 31 31 0 0 0 1 1
0 0 1 0 6 0 9 0 19 4 1 4 0 17 31 6 0 0 0 8
0 4 0 3 0 4 13 4 7 0 3 0 0 3 31 31 0 0 0 4
2 0 8 3 12 3 6 0 6 0 12 0 0 3 31 31 0 0 0 1
0 2 10 12 17 12 3 0 6 0 4 1 0 0 11 31 12 0 0 3
0 0 16 11 7 0 0 0 0 7 0 0 0 3 0 31 31 0 3 8
9 1 14 2 0 0 0 0 4 16 2 0 6 7 9 31 31 6 0 0
5 7 7 0 0 0 0 1 1 0 1 0 3 1 0 2 31 9 1 0
15 10 0 0 0 0 3 5 2 0 0 0 0 0 0 2 17 4 1 1
8 3 0 4 0 3 0 3 3 3 2 2 0 0 3 0 2 7 1 0
0 3 6 0 0 0 1 0 0 0 0 0 6 0 0 5 13 17 3 0
0 2 8 0 0 13 1 6 0 10 4 0 8 0 0 31 31 7 0 0
12 13 8 6 3 0 0 2 0 2 5 1 0 0 31 31 13 8 0 0
3 15 10 1 8 0 0 0 2 0 0 5 2 28 31 31 10 0 3 6
0 4 0 10 3 1 3 0 6 6 0 0 2 31 31 0 0 1 0 0
0 5 0 0 5 8 6 10 0 0 0 0 31 31 0 0 5 7 0 0
0 0 4 3 2 10 19 11 5 0 4 31 31 17 0 9 12 0 1 6
0 8 0 0 7 4 2 0 0 2 4 0 18 4 1 2 2 3 0 0
0 0 5 2 12 0 0 0 0 3 0 11 2 0 0 1 0 9 5 0

Image6
6 0 0 0 4 1 0 0 31 31 4 0 0 1 11 0 4 0 3 0
4 2 7 0 5 0 0 0 11 31 14 4 6 0 6 0 0 1 0 0
4 0 1 0 0 1 11 5 2 31 31 0 0 0 0 0 9 0 1 1
1 0 4 2 1 0 0 3 0 31 31 0 0 0 3 0 0 4 4 7
0 0 3 0 0 1 5 0 4 9 31 31 3 0 0 0 0 10 2 16
1 5 0 0 0 3 3 0 3 0 31 31 0 0 0 0 1 0 0 0
0 5 6 2 0 0 0 0 8 0 12 31 0 0 0 7 2 4 0 10
5 3 0 1 3 3 8 0 2 11 0 0 4 7 0 0 0 6 0 1
9 10 10 15 15 10 0 0 1 0 0 4 3 31 31 31 8 0 1 10
3 0 20 0 0 10 8 8 0 0 0 8 0 27 31 31 31 31 22 0
0 0 5 3 0 0 5 16 9 3 2 2 7 1 0 0 31 31 31 31
0 0 1 0 1 2 0 9 15 13 4 0 0 0 4 5 0 0 13 31
0 2 5 0 0 4 0 2 11 0 0 2 2 0 0 0 0 0 0 5
0 4 2 0 0 3 6 9 1 8 0 0 12 2 0 0 0 0 0 3
0 0 0 8 7 0 0 2 10 9 8 0 12 1 1 3 14 0 8 0
1 6 0 4 1 0 1 0 4 15 2 0 1 0 9 0 0 1 0 0
1 0 1 0 1 1 6 0 2 15 10 0 0 0 0 0 2 0 0 3
1 0 2 8 0 0 0 3 3 5 4 7 0 3 0 1 2 0 1 0
0 0 3 5 0 0 1 2 0 10 6 0 0 0 0 0 3 0 5 5
0 0 11 0 1 5 0 7 5 18 9 0 0 3 0 0 4 9 0 4

Image7
0 5 8 0 0 0 0 0 6 15 0 8 0 0 0 5 1 2 0 0
0 0 1 0 0 2 6 1 2 13 0 0 3 2 5 0 0 0 0 13
0 3 0 1 2 2 0 5 4 11 5 1 14 0 2 0 0 5 0 0
7 0 1 3 0 4 0 0 8 13 5 0 3 0 0 0 0 2 4 0
6 0 0 7 5 0 8 0 6 10 11 0 0 0 5 0 0 0 0 0
0 8 0 7 0 3 0 0 6 7 16 4 0 1 0 1 0 10 3 0
0 6 0 0 11 3 0 4 1 8 17 0 3 7 0 0 0 0 1 0
2 0 0 0 0 0 11 6 8 4 9 1 0 0 0 12 0 0 5 1
31 0 4 0 0 0 0 0 0 0 12 12 6 0 9 4 10 0 7 7
31 31 31 2 3 0 6 5 2 8 8 16 6 0 8 19 0 9 9 1
3 31 31 31 31 16 4 3 0 0 0 2 1 0 10 0 0 0 1 0
0 0 2 31 31 31 21 0 0 11 0 0 0 0 0 2 0 0 0 8
6 0 0 2 8 18 3 5 4 0 16 26 5 0 0 0 0 0 3 8
5 0 0 0 3 1 0 0 4 10 31 31 0 2 0 0 0 1 2 1
1 0 1 5 0 0 0 0 0 0 31 30 4 0 7 3 1 10 0 10
0 0 6 5 7 0 0 0 0 3 31 1 0 0 0 0 0 2 0 0
0 0 0 2 6 7 1 5 0 31 31 0 8 0 5 5 11 4 6 0
0 0 3 0 0 0 0 0 1 31 31 6 0 0 0 4 0 9 0 0
0 0 0 0 0 0 0 0 0 31 31 0 0 0 0 0 4 1 3 0
0 0 4 8 0 1 0 11 12 31 1 9 7 0 3 0 0 0 3 3

Image8
3 8 0 5 0 0 2 4 0 14 7 10 0 4 1 0 0 10 0 0
3 0 4 0 0 0 1 0 0 15 9 0 0 0 0 0 0 0 0 0
5 1 0 0 0 11 2 0 5 14 9 5 5 6 0 0 3 3 0 0
4 0 0 11 0 3 0 2 3 2 13 1 0 0 0 6 4 0 1 1
4 10 1 5 12 4 0 1 0 0 0 10 1 0 0 0 5 7 1 0
0 0 0 3 1 2 3 0 0 1 2 11 0 0 0 0 0 0 0 7
4 12 3 3 1 0 0 4 0 7 6 5 0 0 15 0 3 0 1 0
0 0 0 5 0 5 0 0 0 0 3 16 14 0 1 0 0 0 0 0
31 31 26 2 3 0 1 0 7 0 1 8 14 0 4 0 0 0 5 3
31 31 31 31 31 30 0 0 6 0 6 1 7 18 0 11 0 12 2 12
3 3 10 31 31 31 20 1 0 5 1 0 0 10 2 13 12 9 5 5
0 0 1 1 0 0 2 8 5 0 3 0 0 0 0 13 0 13 6 15
0 0 1 0 0 0 0 0 2 31 1 7 7 3 13 3 0 0 0 5
7 5 0 8 1 0 0 0 16 31 10 3 2 0 8 2 4 0 0 7
0 0 0 0 0 7 4 1 7 31 18 0 7 5 0 0 9 0 5 0
4 0 2 5 12 1 1 0 1 31 31 0 1 4 5 0 3 0 0 1
0 0 0 4 0 0 3 7 0 31 31 6 0 3 2 4 0 0 3 0
5 3 0 6 1 5 3 6 0 31 31 0 1 5 4 7 0 0 2 0
0 0 0 5 0 5 7 0 5 24 31 0 0 0 0 0 0 1 0 3
0 4 0 3 0 15 0 0 4 22 31 13 11 5 10 2 8 5 0 0

Image9
4 0 7 5 4 0 0 4 0 2 7 0 4 2 8 5 2 0 0 0
9 4 0 8 5 6 3 11 0 0 0 3 0 2 2 1 0 2 8 7
0 1 6 2 7 11 6 13 2 0 6 0 5 10 0 0 0 0 1 3
12 0 12 0 10 6 17 9 0 3 0 21 31 20 0 0 6 11 0 0
3 0 5 1 0 2 7 3 16 5 0 19 31 31 31 14 0 5 5 0
0 0 5 0 0 4 9 13 1 1 0 0 3 26 31 31 31 10 0 7
4 5 8 1 0 0 0 7 12 1 0 0 2 9 0 25 31 31 31 9
0 0 0 7 0 3 0 1 6 12 0 0 8 0 0 5 7 31 31 15
0 1 0 8 0 0 0 0 14 0 0 5 0 0 5 0 1 0 0 2
0 0 0 9 5 5 0 0 8 6 0 6 0 7 8 2 0 0 2 0
0 0 10 0 0 0 10 8 13 0 7 0 0 0 0 0 0 0 0 3
0 0 6 0 0 4 0 4 0 0 0 5 0 0 19 29 0 4 3 9
1 0 0 6 10 8 11 1 5 0 2 1 0 2 31 31 0 0 2 0
0 3 14 0 18 9 9 4 0 0 6 10 5 31 31 20 0 2 0 8
29 4 2 17 9 0 0 0 6 0 0 0 4 31 31 0 3 0 0 0
8 1 4 3 5 2 3 4 6 0 6 0 31 31 20 4 0 1 0 0
0 5 0 1 7 0 2 7 0 4 1 3 31 31 2 0 4 0 3 7
7 0 0 0 0 8 5 5 0 0 4 26 31 5 0 3 0 0 0 0
0 0 0 6 1 0 0 0 0 10 0 31 31 4 0 0 0 0 0 2
0 0 2 0 0 0 4 4 0 15 0 0 0 0 0 0 0 6 8 1

